aaaaaaaaaaaaaaaaaaaaaaaaaaaaaaaaaaaaaaaa
a`k````````````````````````````````````a
a``````````````````````````````````````a
a``````````````````````````````````````a
a``````````````````````````````````````a
aaaaaaaaaaaaaaaaaaaaaaaaaaaaaaaaaabbbbba
a``````````````````````````````````````a
a``````````````````````````````````````a
a``````````````````````````````````````a
a``````````````````````````````````````a
abbbbbaaaaaaaaaaaaaaaaaaaaaaaaaaaaaaaaaa
a``````````````````````````````````````a
a``````````````````````````````````````a
a``````````````````````````````````````a
a``````````````````````````````````````a
aaaaaaaaaaaaaaaaaaaaaaaaaaaaaaaaaabbbbba
a````````````b````b````b````b````b`````a
a`e``````````b````b````b````b````b`````a
a````````````b````b````b````b````b`````a
a````````````b````b````b````b````b`````a
aac`a````````baaaabaaaabaaaabaaaabaaaaaa
a`````i````````````````````````````````a
a``````````````````````````````````````a
a``````````````````````````````````````a
ahhhhaaaahhhhhhhhhhhhhhhhhhhhhhhhhhhhhha
a`````````````````````````````````b````a
a`j```````````````````````````````b````a
a`````````````````````````````````b`d``a
a`````````````````````````````````b````a
a`````````````````````````````````b````a
aaaac`aac`aac`aac`aac`aac`aac`aac`aaaaaa

[(34, 5), (38, 5), (37, 5), (36, 5), (35, 5)]; [(16, 30)]
[(1, 10), (2, 10), (3, 10), (4, 10), (5, 10)]; [(4, 30)]
[(34, 15), (38, 15), (37, 15), (36, 15), (35, 15)]; [(24, 30)]
[(34, 29), (34, 28), (34, 27), (34, 26), (34, 25)]; [(2, 20)]
[(33, 20), (33, 19), (33, 18), (33, 17), (33, 16)]; [(28, 30)]
[(28, 20), (28, 19), (28, 18), (28, 17), (28, 16)]; [(32, 30)]
[(23, 20), (23, 19), (23, 18), (23, 17), (23, 16)]; [(12, 30)]
[(18, 20), (18, 19), (18, 18), (18, 17), (18, 16)]; [(20, 30)]
[(13, 20), (13, 19), (13, 18), (13, 17), (13, 16)]; [(8, 30)]
